qemu -serial mon:stdio -drive file=fs.img,index=1,media=disk,format=raw -drive file=xv6.img,index=0,media=disk,format=raw -smp 1 -m 512 
xv6...
cpu0: starting 0
sb: size 1000 nblocks 941 ninodes 200 nlog 30 logstart 2 inodestart 32 bmap start 58
init: starting sh
$ prog1&;prog2&;prog3
prog1	8	33	1093
prog1	9	33	1095
prog1	10	33	1096
prog1	11	33	1097
prog3	10	11	1098
prog3	11	11	1099
prog3	12	11	1100
prog1	12	33	1101
prog3	13	11	1102
prog1	13	33	1103
prog1	14	33	1104
prog3	14	11	1105
prog1	15	33	1106
prog3	15	11	1107
prog1	16	33	1108
prog1	17	33	1109
prog1	18	33	1110
prog3	16	11	1111
prog1	19	33	1112
prog3	17	11	1113
prog3	18	11	1114
prog3	19	11	1115
prog3	20	11	1116
prog1	20	33	1117
prog1	21	33	1118
prog3	21	11	1119
prog1	22	33	1120
prog3	22	11	1121
prog1	23	33	1122
prog1	24	33	1123
prog1	25	33	1124
prog1	26	33	1125
prog1	27	33	1126
prog1	28	33	1127
prog1	29	33	1128
prog1	30	33	1129
prog1	31	33	1130
prog1	32	33	1131
prog1	33	33	1132
prog3	23	11	1133
prog1	34	33	1134
prog1	35	33	1135
prog1	36	33	1136
prog1	37	33	1137
prog3	24	11	1138
prog1	38	33	1139
prog3	25	11	1140
prog1	39	33	1141
prog1	40	33	1142
prog1	41	33	1143
prog1	42	33	1144
prog3	26	11	1145
prog1	43	33	1146
prog3	27	11	1147
prog1	44	33	1148
prog3	28	11	1149
prog2	9	22	1151
prog1	45	33	1152
prog1	46	33	1153
prog1	47	33	1154
prog2	10	22	1155
prog1	48	33	1156
prog1	49	33	1157
prog1	50	33	1158
prog2	11	22	1159
prog2	12	22	1160
prog1	51	33	1161
prog2	13	22	1162
prog2	14	22	1163
prog2	15	22	1164
prog2	16	22	1165
prog2	17	22	1166
prog2	18	22	1167
prog1	52	33	1168
prog1	53	33	1169
prog1	54	33	1170
prog1	55	33	1171
prog1	56	33	1172
prog2	19	22	1173
prog2	20	22	1174
prog1	57	33	1175
prog2	21	22	1176
prog2	22	22	1177
prog1	58	33	1178
prog1	59	33	1179
prog1	60	33	1180
prog2	23	22	1181
prog2	24	22	1182
prog1	61	33	1183
prog2	25	22	1184
prog1	62	33	1185
prog1	63	33	1186
prog2	26	22	1187
prog2	27	22	1188
prog1	64	33	1189
prog2	28	22	1190
prog1	65	33	1191
prog3	29	11	1192
prog1	66	33	1193
prog2	29	22	1194
prog2	30	22	1195
prog2	31	22	1196
prog1	67	33	1197
prog2	32	22	1198
prog2	33	22	1199
prog2	34	22	1200
prog1	68	33	1201
prog1	69	33	1202
prog3	30	11	1203
prog1	70	33	1204
prog1	71	33	1205
prog1	72	33	1206
prog1	73	33	1207
prog3	31	11	1208
prog1	74	33	1209
prog1	75	33	1210
prog3	32	11	1211
prog1	76	33	1212
prog1	77	33	1213
prog1	78	33	1214
prog1	79	33	1215
prog1	80	33	1216
prog1	81	33	1217
prog1	82	33	1218
prog1	83	33	1219
prog3	33	11	1220
prog3	34	11	1221
prog1	84	33	1222
prog1	85	33	1223
prog3	35	11	1224
prog3	36	11	1225
prog3	37	11	1226
prog2	35	22	1227
prog2	36	22	1228
prog1	86	33	1229
prog1	87	33	1230
prog3	38	11	1231
prog3	39	11	1232
prog3	40	11	1233
prog1	88	33	1234
prog2	37	22	1235
prog2	38	22	1236
prog2	39	22	1237
prog1	89	33	1238
prog2	40	22	1239
prog1	90	33	1240
prog1	91	33	1241
prog2	41	22	1242
prog1	92	33	1243
prog2	42	22	1244
prog1	93	33	1245
prog1	94	33	1246
prog2	43	22	1247
prog1	95	33	1248
prog1	96	33	1249
prog1	97	33	1250
prog1	98	33	1251
prog3	41	11	1252
prog3	42	11	1253
prog1	99	33	1254
prog2	44	22	1255
prog1	100	33	1256
prog1	101	33	1257
prog2	45	22	1258
prog2	46	22	1259
prog1	102	33	1260
prog1	103	33	1261
prog3	43	11	1262
prog1	104	33	1263
prog1	105	33	1264
prog3	44	11	1265
prog3	45	11	1266
prog1	106	33	1267
prog2	47	22	1268
prog2	48	22	1269
prog1	107	33	1270
prog1	108	33	1271
prog3	46	11	1272
prog1	109	33	1273
prog2	49	22	1274
prog2	50	22	1275
prog2	51	22	1276
prog2	52	22	1277
prog2	53	22	1278
prog2	54	22	1279
prog2	55	22	1280
prog2	56	22	1281
prog1	110	33	1282
prog2	57	22	1283
prog1	111	33	1284
prog1	112	33	1285
prog3	47	11	1286
prog3	48	11	1287
prog1	113	33	1288
prog1	114	33	1289
prog3	49	11	1290
prog1	115	33	1291
prog2	58	22	1292
prog2	59	22	1293
prog2	60	22	1294
prog2	61	22	1295
prog2	62	22	1296
prog1	116	33	1297
prog1	117	33	1298
prog1	118	33	1299
prog1	119	33	1300
prog1	120	33	1301
prog1	121	33	1302
prog3	50	11	1303
prog3	51	11	1304
prog1	122	33	1305
prog1	123	33	1306
prog1	124	33	1307
prog1	125	33	1308
prog3	52	11	1309
prog1	126	33	1310
prog2	63	22	1311
prog1	127	33	1312
prog2	64	22	1313
prog2	65	22	1314
prog1	128	33	1315
prog2	66	22	1316
prog1	129	33	1317
prog1	130	33	1318
prog1	131	33	1319
prog3	53	11	1320
prog3	54	11	1321
prog1	132	33	1322
prog2	67	22	1323
prog2	68	22	1324
prog1	133	33	1325
prog2	69	22	1326
prog2	70	22	1327
prog2	71	22	1328
prog1	134	33	1329
prog1	135	33	1330
prog3	55	11	1331
prog3	56	11	1332
prog1	136	33	1333
prog1	137	33	1334
prog1	138	33	1335
prog2	72	22	1336
prog1	139	33	1337
prog1	140	33	1338
prog3	57	11	1339
prog3	58	11	1340
prog1	141	33	1341
prog1	142	33	1342
prog3	59	11	1343
prog3	60	11	1344
prog1	143	33	1345
prog1	144	33	1346
prog3	61	11	1347
prog1	145	33	1348
prog2	73	22	1349
prog2	74	22	1350
prog1	146	33	1351
prog2	75	22	1352
prog2	76	22	1353
prog1	147	33	1354
prog1	148	33	1355
prog3	62	11	1356
prog3	63	11	1357
prog1	149	33	1358
prog1	150	33	1359
prog1	151	33	1360
prog2	77	22	1361
prog1	152	33	1362
prog2	78	22	1363
prog2	79	22	1364
prog2	80	22	1365
prog2	81	22	1366
prog2	82	22	1367
prog1	153	33	1368
prog1	154	33	1369
prog1	155	33	1370
prog2	83	22	1371
prog1	156	33	1372
prog1	157	33	1373
prog1	158	33	1374
prog3	64	11	1375
prog3	65	11	1376
prog3	66	11	1377
prog3	67	11	1378
prog1	159	33	1379
prog1	160	33	1380
prog3	68	11	1381
prog3	69	11	1382
prog3	70	11	1383
prog1	161	33	1384
prog1	162	33	1385
prog3	71	11	1386
prog3	72	11	1387
prog3	73	11	1388
prog3	74	11	1389
prog2	84	22	1390
prog1	163	33	1391
prog1	164	33	1392
prog3	75	11	1393
prog1	165	33	1394
prog1	166	33	1395
prog3	76	11	1396
prog3	77	11	1397
prog3	78	11	1398
prog2	85	22	1399
prog1	167	33	1400
prog1	168	33	1401
prog3	79	11	1402
prog3	80	11	1403
prog3	81	11	1404
prog1	169	33	1405
prog1	170	33	1406
prog1	171	33	1407
prog1	172	33	1408
prog1	173	33	1409
prog2	86	22	1410
prog1	174	33	1411
prog2	87	22	1412
prog1	175	33	1413
prog3	82	11	1414
prog3	83	11	1415
prog1	176	33	1416
prog2	88	22	1417
prog1	177	33	1418
prog1	178	33	1419
prog1	179	33	1420
prog3	84	11	1421
prog3	85	11	1422
prog1	180	33	1423
prog2	89	22	1424
prog1	181	33	1425
prog3	86	11	1426
prog3	87	11	1427
prog1	182	33	1428
prog1	183	33	1429
prog1	184	33	1430
prog2	90	22	1431
prog2	91	22	1432
prog2	92	22	1433
prog1	185	33	1434
prog2	93	22	1435
prog1	186	33	1436
prog1	187	33	1437
prog1	188	33	1438
prog1	189	33	1439
prog1	190	33	1440
prog1	191	33	1441
prog2	94	22	1442
prog1	192	33	1443
prog1	193	33	1444
prog1	194	33	1445
prog1	195	33	1446
prog1	196	33	1447
prog2	95	22	1448
prog1	197	33	1449
prog1	198	33	1450
prog3	88	11	1451
prog1	199	33	1452
prog2	96	22	1453
prog1	200	33	1454
prog1	201	33	1455
prog1	202	33	1456
prog1	203	33	1457
prog2	97	22	1458
prog2	98	22	1459
prog2	99	22	1460
prog1	204	33	1461
prog1	205	33	1462
prog3	89	11	1463
prog1	206	33	1464
prog1	207	33	1465
prog3	90	11	1466
prog1	208	33	1467
prog1	209	33	1468
prog1	210	33	1469
prog2	100	22	1470
prog1	211	33	1471
prog1	212	33	1472
prog1	213	33	1473
prog1	214	33	1474
prog2	101	22	1475
prog1	215	33	1476
prog2	102	22	1477
prog1	216	33	1478
prog3	91	11	1479
prog3	92	11	1480
prog1	217	33	1481
prog2	103	22	1482
prog2	104	22	1483
prog1	218	33	1484
prog2	105	22	1485
prog2	106	22	1486
prog1	219	33	1487
prog1	220	33	1488
prog1	221	33	1489
prog2	107	22	1490
prog2	108	22	1491
prog1	222	33	1492
prog1	223	33	1493
prog3	93	11	1494
prog1	224	33	1495
prog1	225	33	1496
prog1	226	33	1497
prog2	109	22	1498
prog1	227	33	1499
prog1	228	33	1500
prog3	94	11	1501
prog1	229	33	1502
prog1	230	33	1503
prog3	95	11	1504
prog3	96	11	1505
prog1	231	33	1506
prog2	110	22	1507
prog2	111	22	1508
prog1	232	33	1509
prog2	112	22	1510
prog1	233	33	1511
prog3	97	11	1512
prog3	98	11	1513
prog3	99	11	1514
prog1	234	33	1515
prog1	235	33	1516
prog1	236	33	1517
prog1	237	33	1518
prog1	238	33	1519
prog2	113	22	1520
prog1	239	33	1521
prog1	240	33	1522
prog1	241	33	1523
prog1	242	33	1524
prog3	100	11	1525
prog3	101	11	1526
prog1	243	33	1527
prog2	114	22	1528
prog2	115	22	1529
prog1	244	33	1530
prog2	116	22	1531
prog1	245	33	1532
prog1	246	33	1533
prog1	247	33	1534
prog1	248	33	1535
prog1	249	33	1536
prog1	250	33	1537
prog1	251	33	1538
prog3	102	11	1539
prog3	103	11	1540
prog1	252	33	1541
prog1	253	33	1542
prog1	254	33	1543
prog2	117	22	1544
prog1	255	33	1545
prog3	104	11	1546
prog3	105	11	1547
prog1	256	33	1548
prog2	118	22	1549
prog2	119	22	1550
prog2	120	22	1551
prog2	121	22	1552
prog2	122	22	1553
prog2	123	22	1554
prog2	124	22	1555
prog1	257	33	1556
prog2	125	22	1557
prog2	126	22	1558
prog1	258	33	1559
prog2	127	22	1560
prog2	128	22	1561
prog2	129	22	1562
prog2	130	22	1563
prog1	259	33	1564
prog1	260	33	1565
prog3	106	11	1566
prog1	261	33	1567
prog2	131	22	1568
prog2	132	22	1569
prog2	133	22	1570
prog2	134	22	1571
prog2	135	22	1572
prog2	136	22	1573
prog2	137	22	1574
prog1	262	33	1575
prog2	138	22	1576
prog1	263	33	1577
prog1	264	33	1578
prog1	265	33	1579
prog2	139	22	1580
prog1	266	33	1581
prog3	107	11	1582
prog1	267	33	1583
prog2	140	22	1584
prog1	268	33	1585
prog2	141	22	1586
prog2	142	22	1587
prog1	269	33	1588
prog1	270	33	1589
prog3	108	11	1590
prog3	109	11	1591
prog1	271	33	1592
prog1	272	33	1593
prog1	273	33	1594
prog1	274	33	1595
prog1	275	33	1596
prog1	276	33	1597
prog3	110	11	1598
prog3	111	11	1599
prog1	277	33	1600
prog2	143	22	1601
prog1	278	33	1602
prog3	112	11	1603
prog1	279	33	1604
prog1	280	33	1605
prog1	281	33	1606
prog1	282	33	1607
prog1	283	33	1608
prog2	144	22	1609
prog1	284	33	1610
prog2	145	22	1611
prog2	146	22	1612
prog2	147	22	1613
prog2	148	22	1614
prog1	285	33	1615
prog2	149	22	1616
prog2	150	22	1617
prog2	151	22	1618
prog1	286	33	1619
prog2	152	22	1620
prog2	153	22	1621
prog2	154	22	1622
prog1	287	33	1623
prog2	155	22	1624
prog2	156	22	1625
prog2	157	22	1626
prog1	288	33	1627
prog1	289	33	1628
prog1	290	33	1629
prog2	158	22	1630
prog1	291	33	1631
prog1	292	33	1632
prog3	113	11	1633
prog1	293	33	1634
prog2	159	22	1635
prog2	160	22	1636
prog2	161	22	1637
prog2	162	22	1638
prog1	294	33	1639
Name: prog3	Execs: 113	Tickets: 11	CurTime: 1639
Name: prog1	Execs: 294	Tickets: 33	CurTime: 1639
Name: prog2	Execs: 162	Tickets: 22	CurTime: 1639
prog3	114	11	1639
zombie!
prog3	115	11	1640
prog2	163	22	1641
prog3	116	11	1642
prog2	164	22	1643
prog3	117	11	1644
prog3	118	11	1645
prog2	165	22	1646
prog2	166	22	1647
prog2	167	22	1648
prog2	168	22	1649
prog2	169	22	1650
prog3	119	11	1651
prog3	120	11	1652
prog3	121	11	1653
prog2	170	22	1654
prog2	171	22	1655
prog2	172	22	1656
prog2	173	22	1657
prog2	174	22	1658
prog2	175	22	1659
prog3	122	11	1660
prog2	176	22	1661
prog3	123	11	1662
prog3	124	11	1663
prog2	177	22	1664
prog2	178	22	1665
prog2	179	22	1666
prog2	180	22	1667
prog3	125	11	1668
prog3	126	11	1669
prog3	127	11	1670
prog3	128	11	1671
prog2	181	22	1672
prog2	182	22	1673
prog2	183	22	1674
prog2	184	22	1675
prog2	185	22	1676
prog2	186	22	1677
prog3	129	11	1678
prog2	187	22	1679
prog3	130	11	1680
prog2	188	22	1681
prog2	189	22	1682
prog2	190	22	1683
prog3	131	11	1684
prog2	191	22	1685
prog2	192	22	1686
prog2	193	22	1687
prog2	194	22	1688
prog3	132	11	1689
prog3	133	11	1690
prog2	195	22	1691
prog3	134	11	1692
prog3	135	11	1693
prog2	196	22	1694
prog3	136	11	1695
prog2	197	22	1696
prog2	198	22	1697
prog2	199	22	1698
prog2	200	22	1699
prog2	201	22	1700
prog2	202	22	1701
prog2	203	22	1702
prog2	204	22	1703
prog2	205	22	1704
prog2	206	22	1705
prog2	207	22	1706
prog2	208	22	1707
prog2	209	22	1708
prog2	210	22	1709
prog2	211	22	1710
prog2	212	22	1711
prog2	213	22	1712
prog2	214	22	1713
prog2	215	22	1714
prog2	216	22	1715
prog2	217	22	1716
prog2	218	22	1717
prog2	219	22	1718
prog2	220	22	1719
prog3	137	11	1720
prog3	138	11	1721
prog2	221	22	1722
prog2	222	22	1723
prog2	223	22	1724
prog3	139	11	1725
prog3	140	11	1726
prog2	224	22	1727
prog2	225	22	1728
prog2	226	22	1729
prog3	141	11	1730
prog3	142	11	1731
prog2	227	22	1732
prog2	228	22	1733
prog2	229	22	1734
prog3	143	11	1735
prog3	144	11	1736
prog2	230	22	1737
prog2	231	22	1738
prog2	232	22	1739
prog3	145	11	1740
prog2	233	22	1741
prog3	146	11	1742
prog2	234	22	1743
prog3	147	11	1744
prog3	148	11	1745
prog3	149	11	1746
prog3	150	11	1747
prog2	235	22	1748
prog2	236	22	1749
prog2	237	22	1750
prog2	238	22	1751
prog2	239	22	1752
prog2	240	22	1753
prog2	241	22	1754
prog3	151	11	1755
prog2	242	22	1756
prog3	152	11	1757
prog2	243	22	1758
prog2	244	22	1759
prog2	245	22	1760
prog2	246	22	1761
prog2	247	22	1762
prog2	248	22	1763
prog2	249	22	1764
prog3	153	11	1765
prog2	250	22	1766
prog3	154	11	1767
prog3	155	11	1768
prog3	156	11	1769
prog2	251	22	1770
prog2	252	22	1771
prog2	253	22	1772
prog2	254	22	1773
prog2	255	22	1774
prog2	256	22	1775
prog2	257	22	1776
prog3	157	11	1777
prog2	258	22	1778
prog3	158	11	1779
prog3	159	11	1780
prog2	259	22	1781
prog3	160	11	1782
prog3	161	11	1783
prog3	162	11	1784
prog2	260	22	1785
prog2	261	22	1786
prog3	163	11	1787
prog2	262	22	1788
prog3	164	11	1789
prog2	263	22	1790
prog3	165	11	1791
prog3	166	11	1792
prog3	167	11	1793
prog3	168	11	1794
prog2	264	22	1795
prog2	265	22	1796
prog3	169	11	1797
prog2	266	22	1798
prog2	267	22	1799
prog2	268	22	1800
prog2	269	22	1801
prog2	270	22	1802
prog2	271	22	1803
prog3	170	11	1804
prog3	171	11	1805
prog3	172	11	1806
prog2	272	22	1807
prog2	273	22	1808
prog2	274	22	1809
prog2	275	22	1810
prog3	173	11	1811
prog2	276	22	1812
prog3	174	11	1813
prog3	175	11	1814
prog3	176	11	1815
prog3	177	11	1816
prog3	178	11	1817
prog2	277	22	1818
prog3	179	11	1819
prog2	278	22	1820
prog3	180	11	1821
prog3	181	11	1822
prog2	279	22	1823
prog3	182	11	1824
prog3	183	11	1825
prog2	280	22	1826
prog2	281	22	1827
prog3	184	11	1828
prog2	282	22	1829
prog3	185	11	1830
prog2	283	22	1831
Name: prog3	Execs: 185	Tickets: 11	CurTime: 1831
Name: prog2	Execs: 283	Tickets: 22	CurTime: 1831
zombie!
prog3	186	11	1831
prog3	187	11	1832
prog3	188	11	1833
prog3	189	11	1834
prog3	190	11	1835
prog3	191	11	1836
prog3	192	11	1837
prog3	193	11	1838
prog3	194	11	1839
prog3	195	11	1840
prog3	196	11	1841
prog3	197	11	1842
prog3	198	11	1843
prog3	199	11	1844
prog3	200	11	1845
prog3	201	11	1846
prog3	202	11	1847
prog3	203	11	1848
prog3	204	11	1849
prog3	205	11	1850
prog3	206	11	1851
prog3	207	11	1852
prog3	208	11	1853
prog3	209	11	1854
prog3	210	11	1855
prog3	211	11	1856
prog3	212	11	1857
prog3	213	11	1858
prog3	214	11	1859
prog3	215	11	1860
prog3	216	11	1861
prog3	217	11	1862
prog3	218	11	1863
prog3	219	11	1864
prog3	220	11	1865
prog3	221	11	1866
prog3	222	11	1867
prog3	223	11	1868
prog3	224	11	1869
prog3	225	11	1870
prog3	226	11	1871
prog3	227	11	1872
prog3	228	11	1873
prog3	229	11	1874
prog3	230	11	1875
prog3	231	11	1876
prog3	232	11	1877
prog3	233	11	1878
prog3	234	11	1879
prog3	235	11	1880
prog3	236	11	1881
prog3	237	11	1882
prog3	238	11	1883
prog3	239	11	1884
prog3	240	11	1885
prog3	241	11	1886
prog3	242	11	1887
prog3	243	11	1888
prog3	244	11	1889
prog3	245	11	1890
prog3	246	11	1891
prog3	247	11	1892
prog3	248	11	1893
prog3	249	11	1894
prog3	250	11	1895
prog3	251	11	1896
prog3	252	11	1897
prog3	253	11	1898
prog3	254	11	1899
prog3	255	11	1900
prog3	256	11	1901
prog3	257	11	1902
prog3	258	11	1903
prog3	259	11	1904
prog3	260	11	1905
prog3	261	11	1906
prog3	262	11	1907
prog3	263	11	1908
prog3	264	11	1909
prog3	265	11	1910
prog3	266	11	1911
prog3	267	11	1912
prog3	268	11	1913
prog3	269	11	1914
prog3	270	11	1915
prog3	271	11	1916
prog3	272	11	1917
prog3	273	11	1918
prog3	274	11	1919
prog3	275	11	1920
prog3	276	11	1921
prog3	277	11	1922
prog3	278	11	1923
prog3	279	11	1924
prog3	280	11	1925
prog3	281	11	1926
prog3	282	11	1927
prog3	283	11	1928
prog3	284	11	1929
prog3	285	11	1930
prog3	286	11	1931
prog3	287	11	1932
prog3	288	11	1933
prog3	289	11	1934
prog3	290	11	1935
prog3	291	11	1936
prog3	292	11	1937
prog3	293	11	1938
prog3	294	11	1939
prog3	295	11	1940
Name: prog3	Execs: 295	Tickets: 11	CurTime: 1940
$ 